#BVGraph properties
#Wed Nov 17 23:17:15 CET 2010
compratio=0.557
bitsforblocks=40124809
residualarcs=56600680
version=0
zetak=3
residualexpstats=5159628,4952868,4336968,3838737,3431354,3095139,2733315,2459610,2168857,1843259,1517534,1248128,1108020,1146101,1330350,1902447,2314274,2897326,2832904,2424985,1672340,1027216,793957,89027
avgref=0.659
residualavggap=283212.872
avgbitsforoutdegrees=5.631
windowsize=7
bitsforintervals=13871732
copiedarcs=18253061
avgbitsforblocks=7.481
bitsperlink=11.079
bitsforresiduals=781413045
bitsforreferences=9884878
avgdist=0.945
successoravgloggap=7.486549070785245
avgbitsforreferences=1.843
successoravggap=219884.806
maxrefcount=3
successorexpstats=19130887,8331222,5472564,4376126,3789347,3376078,3019477,2688779,2338655,1989959,1628380,1334020,1194095,1232726,1425562,2054946,2524122,3169202,3129373,2686971,1837875,1126982,846369,93940
nodes=5363260
compressionflags=
intervalisedarcs=4169401
bitspernode=163.239
arcs=79023142
bitsforoutdegrees=30201244
avgbitsforintervals=2.586
minintervallength=4
graphclass=it.unimi.dsi.webgraph.BVGraph
avgbitsforresiduals=145.697
residualavgloggap=9.252640723947836
