#BVGraph properties
#Sat Feb 07 03:11:57 CET 2015
compratio=0.052
bitsforblocks=8747323231
residualarcs=3422192171
version=0
zetak=3
residualexpstats=567856637,356059132,232080224,199506527,179244786,177904659,190293263,199028579,208356835,207372495,188778980,150480728,105025998,71748504,32617677,24322518,24046285,23456634,23038780,20450340,15532608,8447255,5428146,5802486,9336152,14698735,25985220,28377674,30908076,19985863,5400367
avgref=1.861
residualavggap=13944635.665
avgbitsforoutdegrees=9.042
windowsize=7
bitsforintervals=6290765912
copiedarcs=39016159304
avgbitsforblocks=11.103
bitsperlink=1.305
bitsforresiduals=37300171564
bitsforreferences=2652597472
avgdist=2.487
successoravgloggap=1.957691296685215
avgbitsforreferences=3.367
successoravggap=2852692.312
maxrefcount=3
successorexpstats=40819046414,1628917528,715896933,459421344,365998730,335626572,345891121,348634485,365101167,372940223,346323257,284765619,200304562,139144124,78369731,64457049,69851890,58677808,48826725,41656178,30307630,21868082,15770619,19887386,34207530,49719050,70611102,86467998,96182331,55741817,14716798
nodes=787801471
compressionflags=
intervalisedarcs=5176175775
bitspernode=78.845
arcs=47614527250
bitsforoutdegrees=7123135563
avgbitsforintervals=7.985
minintervallength=4
graphclass=it.unimi.dsi.webgraph.BVGraph
avgbitsforresiduals=47.347
residualavgloggap=7.144086634190162
